# ADC channel to MeV calibration for Silicium detectors of INDRA:
# 2nd order polynomial parametrization is used
# with the following expression: MeV = (ADC-[pedestal])*[gain]+pow(ADC-[pedestal],2.)*[corr_2nd]
# [pedestal] and [gain] parameters are obtained fitting 3alpha sources spectra
# [corr_2nd] are set to reproduced the 12C elastic peak energy value from the CIME beam reaction
# 12C(q=4+ f=12.779MHz CIME) + 197Au[980] 8.75 MeV/A
# elastic peak energy value is obtained with calculation implemented in the KVElasticScatter class
# format: [det_signal]: corr_2nd,gain,pedestal
SignalIn:                                ADC
SignalOut                               Energy
CalibType                               Channel-Energy
CalibOptions:                            func=(x-[pedestal])*[gain]+[corr_2nd]*(x-[pedestal])*(x-[pedestal]),min=0,max=65535
Runlist:                                 1-9999999
SI_0701: 2.976420e-09,8.393204e-03,-1.012295e+01
SI_0702: -8.574453e-10,8.381892e-03,-1.246999e+01
SI_0703: -5.543729e-09,8.322076e-03,-7.206847e+00
SI_0704: 1.859195e-08,8.360070e-03,-2.361292e+01
SI_0705: 1.035071e-08,8.074559e-03,-1.781575e+01
SI_0706: 1.886796e-09,8.545699e-03,-9.038893e+00
SI_0707: 9.793870e-09,8.498577e-03,-2.454401e+01
SI_0708: 5.613367e-09,8.505593e-03,-8.523875e+00
SI_0709: 1.529341e-09,8.481370e-03,-1.331927e+01
SI_0710: 5.192029e-09,7.980477e-03,-1.673239e+01
SI_0711: -1.666409e-08,8.541452e-03,3.134680e-01
SI_0712: -1.845977e-08,8.842628e-03,1.948028e+00
SI_0713: -9.163792e-09,8.672834e-03,-6.058976e+00
SI_0714: 5.960812e-09,8.789354e-03,-1.563885e+01
SI_0715: 4.917014e-09,8.576803e-03,-2.240867e+01
SI_0716: -2.024602e-09,8.754020e-03,-1.402718e+01
SI_0717: 1.267364e-09,8.577299e-03,-8.770051e+00
SI_0718: -8.432353e-09,8.677417e-03,-2.831593e+00
SI_0719: 4.641042e-09,7.906235e-03,-1.765420e+01
SI_0720: 1.891105e-09,8.032952e-03,-1.249206e+01
SI_0721: -2.120780e-09,8.631682e-03,-5.790477e+00
SI_0722: 1.520482e-08,8.292040e-03,-2.687294e+01
SI_0723: -2.323944e-08,1.159773e-02,3.654390e+00
SI_0724: 1.085613e-08,1.163913e-02,-9.987548e+00
