# Eric Bonnet 07 Avril 2022
# ADC channel to MeV using 12C elastic peak stopped in reaction in reaction:
# 12C(q=4+ f=12.779MHz CIME) + 197Au[980] 8.75 MeV/A
# for 150 mu, 12C punches through and stops in CsI
# Eloss is obtained with KVElasticScatter
# Simple relation: [MeV] = [ADC]*coef
# format: [detector]: [coef]
SignalIn:                                ADC
SignalOut:                               Energy
CalibType:                               Channel-Energy
CalibOptions:                            func=[0]*x,min=0,max=65535
Runlist:                                 1-9999999
SI_0601:  0.008176
SI_0602:  0.008245
SI_0603:  0.007935
SI_0604:  0.008454
SI_0605:  0.008397
SI_0606:  0.008641
SI_0607:  0.008212
SI_0608:  0.008109
SI_0609:  0.007839
SI_0610:  0.007889
SI_0611:  0.008159
SI_0612:  0.008767
SI_0613:  0.008277
SI_0614:  0.008350
SI_0615:  0.008552
SI_0616:  0.008142
SI_0617:  0.008672
SI_0618:  0.008362
SI_0619:  0.008505
SI_0620:  0.008122
SI_0621:  0.008298
SI_0622:  0.008282
SI_0623:  0.010190
SI_0624:  0.010213
SI_0701:  0.008435
SI_0702:  0.008376
SI_0703:  0.008255
SI_0704:  0.008600
SI_0705:  0.008217
SI_0706:  0.008570
SI_0707:  0.008629
SI_0708:  0.008579
SI_0709:  0.008510
SI_0710:  0.008058
SI_0711:  0.008334
SI_0712:  0.008616
SI_0713:  0.008563
SI_0714:  0.008866
SI_0715:  0.008652
SI_0716:  0.008736
SI_0717:  0.008599
SI_0718:  0.008578
SI_0719:  0.007976
SI_0720:  0.008066
SI_0721:  0.008610
SI_0722:  0.008492
SI_0723:  0.011382
SI_0724:  0.011746
SI_0801:  0.008558
SI_0802:  0.008303
SI_0803:  0.008499
SI_0804:  0.008255
SI_0805:  0.008184
SI_0807:  0.008665
SI_0808:  0.008200
SI_0809:  0.009222
SI_0810:  0.008104
SI_0811:  0.236923
SI_0812:  0.225942
SI_0813:  0.007977
SI_0814:  0.007835
SI_0815:  0.008321
SI_0816:  0.008414
SI_0818:  0.008302
SI_0820:  0.008788
SI_0821:  0.008918
SI_0822:  0.008146
SI_0823:  0.007908
SI_0824:  0.008084
SI_0901:  0.008130
SI_0902:  0.008646
SI_0903:  0.008908
SI_0904:  0.008382
SI_0905:  0.008257
SI_0906:  0.008984
SI_0907:  0.008723
SI_0908:  0.008467
SI_0909:  0.008275
SI_0910:  0.008131
SI_0911:  0.140472
SI_0912:  0.153456
SI_0913:  0.008523
SI_0916:  0.008519
SI_0917:  0.905804
SI_0918:  0.008584
SI_0919:  0.020452
SI_0920:  0.008777
SI_0921:  0.008174
SI_0922:  0.008683
SI_0923:  0.008192
SI_0924:  0.175193
