# ADC channel to MeV using elastic peaks of the reaction:
# 12C(q=4+ f=12.779MHz CIME) + 197Au[980] 8.75 MeV/A
# 12C, 15N and 18O stops in Silicon detectors
# Eloss is obtained with KVElasticScatter
# format: [det_signal]: adc_corr,adc_to_MeV
SignalIn:                                ADC
SignalOut                               Energy
CalibType                               Channel-Energy
CalibOptions:                            func=[adc_to_MeV]*x+[adc_corr]*x*x,min=0,max=65535
Runlist:                                 1-9999999
SI_0701: 5.269870e-09,8.369020e-03
SI_0702: 5.406025e-09,8.312426e-03
SI_0703: 5.087625e-09,8.191520e-03
SI_0704: 5.282236e-09,8.536383e-03
SI_0705: 5.042706e-09,8.151617e-03
SI_0706: 7.068369e-09,8.488611e-03
SI_0707: 2.222580e-09,8.604157e-03
SI_0708: 5.538406e-09,8.510892e-03
SI_0709: 5.711102e-09,8.442118e-03
SI_0710: 4.927471e-09,7.993612e-03
SI_0711: -1.178807e-09,8.345939e-03
SI_0712: -4.234068e-10,8.620772e-03
SI_0713: -1.094744e-09,8.576554e-03
SI_0714: -6.303428e-10,8.875275e-03
SI_0715: 2.320356e-10,8.647964e-03
SI_0716: -2.042373e-10,8.742718e-03
SI_0717: 5.650655e-09,8.527693e-03
SI_0718: 5.104220e-09,8.512781e-03
SI_0719: 4.570434e-09,7.915828e-03
SI_0720: 5.073539e-09,7.997551e-03
SI_0721: 7.157116e-09,8.520408e-03
SI_0722: 5.102693e-09,8.431891e-03
SI_0723: 1.218467e-08,1.126599e-02
SI_0724: 1.475812e-08,1.161044e-02
