# TotLight channel to 12C_MeV using elastic peaks of the reaction:
# 12C(q=4+ f=12.779MHz CIME) + 197Au[980] 13.75 MeV/A
# 12C, 18O punches through Silicon and stopped in CsI detectors
# Eloss is obtained with KVElasticScatter only on 12C
# format: [det_signal]: adc_corr,adc_to_MeV
SignalIn:                                TotLight
SignalOut                               ScaledEnergy_12C
CalibType                               Channel-Energy
CalibOptions:                            func=[adc_to_MeV]*x+[adc_corr]*TMath::Power(x,2.),min=0,max=65535
Runlist:                                 1-9999999
CSI_0701: 0.000000e+00,3.915070e-02
CSI_0702: 0.000000e+00,4.965904e-02
CSI_0703: 0.000000e+00,3.377439e-02
CSI_0704: 0.000000e+00,3.024281e-02
CSI_0705: 0.000000e+00,4.254483e-02
CSI_0706: 0.000000e+00,4.238221e-02
CSI_0707: 0.000000e+00,3.863404e-02
CSI_0708: 0.000000e+00,3.338267e-02
CSI_0709: 0.000000e+00,4.364907e-02
CSI_0710: 0.000000e+00,4.533793e-02
CSI_0711: 0.000000e+00,4.270607e-02
CSI_0712: 0.000000e+00,3.982814e-02
CSI_0713: 0.000000e+00,3.705955e-02
CSI_0714: 0.000000e+00,4.073926e-02
CSI_0715: 0.000000e+00,3.676389e-02
CSI_0716: 0.000000e+00,3.381293e-02
CSI_0717: 0.000000e+00,3.796378e-02
CSI_0718: 0.000000e+00,2.716494e-02
CSI_0719: 0.000000e+00,3.115006e-02
CSI_0720: 0.000000e+00,3.499292e-02
CSI_0721: 0.000000e+00,2.814008e-02
CSI_0722: 0.000000e+00,3.043441e-02
CSI_0723: 0.000000e+00,3.736004e-02
CSI_0724: 0.000000e+00,2.302122e-02
