# ADC channel to MeV calibration for Silicium detectors of INDRA:
# 2nd order polynomial parametrization is used
# with the following expression: MeV = (ADC-[pedestal])*[gain]+pow(ADC-[pedestal],2.)*[corr_2nd]
# [pedestal] and [gain] parameters are obtained fitting 3alpha sources spectra
# [corr_2nd] are set to reproduced the 12C elastic peak energy value from the CIME beam reaction
# for 150 um detector, [corr_2nd] is set to zero, because elastic peaks punches through the silicon detector
# in this letter case, [corr_2nd] should be set after having checked the thickness more precisely
# 12C(q=4+ f=12.779MHz CIME) + 197Au[980] 8.75 MeV/A
# elastic peak energy value is obtained with calculation implemented in the KVElasticScatter class
# format: [det_signal]: corr_2nd,gain,pedestal
SignalIn:                                ADC
SignalOut                               Energy
CalibType                               Channel-Energy
CalibOptions:                            func=(x-[pedestal])*[gain]+[corr_2nd]*(x-[pedestal])*(x-[pedestal]),min=0,max=65535
Runlist:                                 1-9999999
SI_0801: 1.888298e-08,8.303304e-03,-3.861892e+01
SI_0802: 7.338879e-09,8.199144e-03,-2.886967e+01
SI_0803: 6.525565e-09,8.401990e-03,-2.785116e+01
SI_0804: 7.580240e-09,8.143581e-03,-2.910514e+01
SI_0805: 1.346273e-08,7.996731e-03,-3.460348e+01
SI_0807: 2.209397e-08,8.371956e-03,-4.995697e+01
SI_0808: 2.907194e-08,7.795572e-03,-6.074912e+01
SI_0809: 3.760365e-08,8.772117e-03,-4.297200e+01
SI_0810: 9.143895e-09,7.971176e-03,-3.652217e+01
SI_0811: 0.000000e+00,8.759183e-03,-1.054023e+01
SI_0812: 0.000000e+00,8.613156e-03,-1.076319e+01
SI_0813: 0.000000e+00,8.156880e-03,-1.282785e+00
SI_0815: 2.128104e-08,8.026868e-03,-5.374087e+01
SI_0816: 1.410630e-08,8.215630e-03,-4.493356e+01
SI_0818: 6.147120e-09,8.209013e-03,-2.792431e+01
SI_0820: 2.457688e-08,8.473214e-03,-3.997360e+01
SI_0821: -8.071010e-09,9.001002e-03,-1.469177e+01
SI_0822: 1.293180e-08,7.965438e-03,-3.840687e+01
SI_0823: 0.000000e+00,8.957664e-03,1.493013e+01
SI_0824: 0.000000e+00,9.011085e-03,-2.359332e+00
