# ADC channel to MeV using elastic peaks of the reaction:
# 12C(q=4+ f=12.779MHz CIME) + 197Au[980] 8.75 MeV/A
# 12C, 15N and 18O stops in Silicon detectors
# Eloss is obtained with KVElasticScatter
# format: [det_signal]: adc_corr,adc_to_MeV
SignalIn:                                ADC
SignalOut                               Energy
CalibType                               Channel-Energy
CalibOptions:                            func=[adc_to_MeV]*x+[adc_corr]*x*x,min=0,max=65535
Runlist:                                 1-9999999
SI_0601: 5.767516e-09,8.100834e-03
SI_0602: 5.736188e-09,8.167752e-03
SI_0603: 5.228998e-09,7.867853e-03
SI_0604: 6.227618e-09,8.374912e-03
SI_0605: 5.385032e-09,8.326184e-03
SI_0606: 7.272454e-09,8.545438e-03
SI_0607: 4.972074e-09,8.142174e-03
SI_0608: 4.675927e-09,8.043715e-03
SI_0609: 4.164218e-09,7.778910e-03
SI_0610: 5.084489e-09,7.816194e-03
SI_0611: 8.755443e-11,8.154802e-03
SI_0612: 1.454787e-09,8.748910e-03
SI_0613: 9.283698e-10,8.268113e-03
SI_0614: 2.535362e-10,8.347028e-03
SI_0615: -1.386387e-09,8.571126e-03
SI_0616: -2.849338e-10,8.151076e-03
SI_0617: 5.524867e-09,8.612779e-03
SI_0618: 5.163619e-09,8.300175e-03
SI_0619: 5.867142e-09,8.438134e-03
SI_0620: 4.984833e-09,8.059369e-03
SI_0621: 5.031922e-09,8.238014e-03
SI_0622: 5.503364e-09,8.217311e-03
SI_0623: 9.971751e-09,1.008612e-02
SI_0624: 9.727994e-09,1.011860e-02
