# ADC channel to MeV calibration for Silicium detectors of INDRA:
# 2nd order polynomial parametrization is used
# with the following expression: MeV = (ADC-[pedestal])*[gain]+pow(ADC-[pedestal],2.)*[corr_2nd]
# [pedestal] and [gain] parameters are obtained fitting 3alpha sources spectra
# [corr_2nd] are set to reproduced the 12C elastic peak energy value from the CIME beam reaction
# 12C(q=4+ f=12.779MHz CIME) + 197Au[980] 8.75 MeV/A
# elastic peak energy value is obtained with calculation implemented in the KVElasticScatter class
# format: [det_signal]: corr_2nd,gain,pedestal
SignalIn:                                ADC
SignalOut                               Energy
CalibType                               Channel-Energy
CalibOptions:                            func=(x-[pedestal])*[gain]+[corr_2nd]*(x-[pedestal])*(x-[pedestal]),min=0,max=65535
Runlist:                                 1-9999999
SI_0601: 6.815525e-09,8.080757e-03,-1.663876e+01
SI_0602: -1.173436e-08,8.389897e-03,2.732318e+00
SI_0603: -6.713741e-09,8.016397e-03,-1.109687e+01
SI_0604: 1.404404e-09,8.422603e-03,-1.860421e+01
SI_0605: 1.015449e-08,8.254987e-03,-1.775173e+01
SI_0606: 7.382470e-09,8.531724e-03,-1.928943e+01
SI_0607: -2.821203e-10,8.201554e-03,-1.232556e+01
SI_0608: 5.965550e-09,8.019642e-03,-1.303640e+01
SI_0609: 1.006136e-09,7.812176e-03,-1.556612e+01
SI_0610: -9.694710e-09,8.013361e-03,7.703270e-01
SI_0611: 8.736109e-09,8.030810e-03,-2.607257e+01
SI_0612: -4.945590e-09,8.820744e-03,-9.241219e+00
SI_0613: 6.457397e-09,8.184912e-03,-2.196536e+01
SI_0614: -1.833887e-09,8.367266e-03,-9.525142e+00
SI_0615: 3.818231e-09,8.494597e-03,-1.875948e+01
SI_0616: 3.868868e-09,8.086525e-03,-1.971086e+01
SI_0617: 8.432169e-09,8.566065e-03,-1.685547e+01
SI_0618: 6.541007e-09,8.274978e-03,-1.668413e+01
SI_0619: 4.312794e-09,8.446449e-03,-1.563810e+01
SI_0620: 6.931641e-09,8.024933e-03,-1.529530e+01
SI_0621: -1.376873e-10,8.295392e-03,-1.185159e+01
SI_0622: 1.704426e-08,8.054613e-03,-2.531042e+01
SI_0623: 3.939247e-09,1.013847e-02,-1.395849e+01
SI_0624: -2.550416e-08,1.048011e-02,4.446040e+00
