# ADC channel to MeV using elastic peaks of the reaction:
# 12C(q=4+ f=12.779MHz CIME) + 197Au[980] 8.75 MeV/A
# 12C, 15N and 18O stops in 300 mu Silicon detectors
# and punches through in 150 mu Silicon detectors
# Eloss is obtained with KVElasticScatter
# format: [det_signal]: adc_corr,adc_to_MeV
SignalIn:                                ADC
SignalOut                               Energy
CalibType                               Channel-Energy
CalibOptions:                            func=[adc_to_MeV]*x+[adc_corr]*TMath::Power(x,2.),min=0,max=65535
Runlist:                                 1-9999999
SI_0801: -6.576146e-09,8.638362e-03
SI_0802: -6.048329e-09,8.384533e-03
SI_0803: -7.536119e-09,8.597383e-03
SI_0804: -5.833274e-09,8.332632e-03
SI_0805: -7.042609e-09,8.279910e-03
SI_0807: -3.282072e-09,8.708763e-03
SI_0808: -3.628489e-09,8.244970e-03
SI_0809: -5.727023e-09,9.294264e-03
SI_0810: -5.404941e-09,8.177676e-03
SI_0811: -2.516239e-08,9.000184e-03
SI_0812: -3.440841e-08,8.762020e-03
SI_0813: -2.071768e-08,8.115746e-03
SI_0815: -4.564644e-09,8.379625e-03
SI_0816: -3.893734e-09,8.465413e-03
SI_0818: -8.189177e-09,8.404942e-03
SI_0820: -7.220775e-09,8.878062e-03
SI_0821: -6.303625e-09,8.991994e-03
SI_0822: -5.642753e-09,8.224947e-03
SI_0823: -2.861176e-08,8.088109e-03
SI_0824: -4.122862e-08,8.396516e-03
