# ADC channel to MeV using elastic peaks of the reaction:
# 12C(q=4+ f=12.779MHz CIME) + 197Au[980] 8.75 MeV/A
# 12C, 15N and 18O stops in 300 mu Silicon detectors
# and punches through in 150 mu Silicon detectors
# Eloss is obtained with KVElasticScatter
# format: [det_signal]: adc_corr,adc_to_MeV
SignalIn:                                ADC
SignalOut                               Energy
CalibType                               Channel-Energy
CalibOptions:                            func=[adc_to_MeV]*x+[adc_corr]*TMath::Power(x,2.),min=0,max=65535
Runlist:                                 1-9999999
SI_0901: -7.374687e-10,8.155728e-03
SI_0903: -1.426282e-08,9.085065e-03
SI_0905: -1.495890e-08,8.450259e-03
SI_0906: -1.831183e-08,9.202957e-03
SI_0907: -1.385971e-08,8.896422e-03
SI_0908: -1.089058e-08,8.608430e-03
SI_0909: -1.253333e-08,8.441827e-03
SI_0910: -9.883987e-09,8.270940e-03
SI_0911: 0.000000e+00,8.418761e-03
SI_0912: 0.000000e+00,8.146585e-03
SI_0913: 0.000000e+00,8.480550e-03
SI_0916: -1.328921e-08,8.693812e-03
SI_0917: -1.559012e-08,8.563525e-03
SI_0918: -1.529702e-08,8.775491e-03
SI_0919: -2.393881e-07,2.167647e-02
SI_0920: -2.007515e-08,9.025417e-03
SI_0921: -1.788144e-08,8.411555e-03
SI_0922: -1.333655e-08,8.854219e-03
SI_0923: 0.000000e+00,8.148504e-03
SI_0924: 0.000000e+00,8.533255e-03
