# TotLight channel to 12C_MeV using elastic peaks of the reaction:
# 12C(q=4+ f=12.779MHz CIME) + 197Au[980] 13.75 MeV/A
# 12C, 18O punches through Silicon and stopped in CsI detectors
# Eloss is obtained with KVElasticScatter only on 12C
# format: [det_signal]: adc_corr,adc_to_MeV
SignalIn:                                TotLight
SignalOut                               ScaledEnergy_12C
CalibType                               Channel-Energy
CalibOptions:                            func=[adc_to_MeV]*x+[adc_corr]*x*x,min=0,max=65535
Runlist:                                 1-9999999
CSI_0601: 0.000000e+00,6.101288e-02
CSI_0602: 0.000000e+00,4.799905e-02
CSI_0603: 0.000000e+00,9.448972e-02
CSI_0604: 0.000000e+00,5.055999e-02
CSI_0605: 0.000000e+00,6.248415e-02
CSI_0606: 0.000000e+00,5.575473e-02
CSI_0607: 0.000000e+00,3.965813e-02
CSI_0608: 0.000000e+00,7.400927e-02
CSI_0609: 0.000000e+00,7.200357e-02
CSI_0610: 0.000000e+00,4.605902e-02
CSI_0611: 0.000000e+00,6.354768e-02
CSI_0612: 0.000000e+00,7.704124e-02
CSI_0613: 0.000000e+00,1.256608e-01
CSI_0614: 0.000000e+00,5.598864e-02
CSI_0615: 0.000000e+00,8.876554e-02
CSI_0616: 0.000000e+00,8.139054e-02
CSI_0617: 0.000000e+00,5.135894e-02
CSI_0618: 0.000000e+00,5.337087e-02
CSI_0619: 0.000000e+00,5.932222e-02
CSI_0620: 0.000000e+00,6.775775e-02
CSI_0621: 0.000000e+00,7.767325e-02
CSI_0622: 0.000000e+00,5.755882e-02
CSI_0623: 0.000000e+00,1.158194e-01
CSI_0624: 0.000000e+00,6.085082e-02
